CLASS	# of mem	std of age	std p-value
hsa-mir-4315	2	0.00	1.4140e-01
hsa-mir-1324	2	0.00	1.3130e-01
hsa-mir-3199	2	0.00	1.3630e-01
hsa-mir-1972	2	1.50	6.7800e-02
hsa-mir-378	3	4.24	4.1000e-02
hsa-mir-3119	2	0.50	1.6410e-01
hsa-mir-3118	6	1.12	1.7000e-03
hsa-mir-208	2	0.50	1.5990e-01
hsa-mir-374	3	0.47	6.6300e-02
hsa-mir-376	4	0.43	1.2000e-02
hsa-mir-124	3	0.94	5.6000e-02
hsa-mir-125	3	1.41	2.4700e-02
hsa-mir-128	2	0.00	1.4040e-01
hsa-mir-129	2	1.50	6.5300e-02
hsa-mir-519	7	1.05	3.0000e-03
hsa-mir-1255	4	0.43	1.2000e-02
hsa-mir-3913	2	0.00	1.2910e-01
hsa-mir-3910	2	0.00	1.3410e-01
hsa-mir-33	3	0.47	6.6400e-02
hsa-mir-30	6	1.46	2.5000e-03
hsa-mir-34	3	1.70	1.1900e-02
hsa-mir-642	3	1.41	2.3000e-02
hsa-mir-3202	2	1.00	1.2920e-01
hsa-mir-1233	2	1.00	1.3050e-01
hsa-mir-487	2	0.00	1.3300e-01
hsa-mir-320	9	2.90	1.0000e-03
hsa-mir-216	2	1.00	1.2000e-01
hsa-mir-365	2	2.00	3.1200e-02
hsa-mir-218	3	1.25	4.0900e-02
hsa-mir-219	2	0.00	1.3680e-01
hsa-mir-1	2	0.00	1.3750e-01
hsa-mir-3689	2	0.50	1.6650e-01
hsa-mir-7	4	2.77	1.5900e-02
hsa-mir-200	3	0.94	5.7600e-02
hsa-mir-9	4	2.60	6.5000e-03
hsa-mir-199	3	1.41	2.3300e-02
hsa-mir-1244	3	0.00	2.3800e-02
hsa-mir-194	2	0.50	1.6010e-01
hsa-mir-196	3	0.94	6.3100e-02
hsa-mir-190	2	2.00	2.9000e-02
hsa-mir-193	3	1.63	6.3000e-03
hsa-mir-1184	3	3.77	3.2400e-02
hsa-mir-1185	2	3.00	7.0100e-02
hsa-mir-3130	2	0.50	1.6420e-01
hsa-mir-3116	2	0.50	1.5970e-01
hsa-mir-103	4	6.00	1.0000e-03
hsa-mir-101	3	1.41	2.7000e-02
hsa-mir-106	2	0.00	1.4260e-01
hsa-mir-105	2	0.00	1.3210e-01
hsa-mir-551	2	0.00	1.4100e-01
hsa-mir-550	5	1.47	3.1000e-03
hsa-mir-181	5	1.79	1.0000e-04
hsa-mir-3926	2	0.50	1.6330e-01
hsa-mir-544	2	4.00	8.1100e-02
hsa-mir-301	2	2.00	3.1600e-02
hsa-mir-302	6	3.34	4.2000e-03
hsa-mir-3622	2	0.50	1.6480e-01
hsa-mir-1285	3	0.47	6.0700e-02
hsa-let-7	11	1.65	0.0000e+00
hsa-mir-3150	2	0.50	1.5910e-01
hsa-mir-3156	3	0.94	5.9400e-02
hsa-mir-1283	3	1.25	4.5300e-02
hsa-mir-1282	2	4.00	8.8800e-02
hsa-mir-3158	2	0.50	1.6590e-01
hsa-mir-1289	2	0.50	1.6190e-01
hsa-mir-4283	2	0.00	1.3230e-01
hsa-mir-3914	2	1.50	6.5200e-02
hsa-mir-10	2	1.50	7.1600e-02
hsa-mir-15	2	0.00	1.3640e-01
hsa-mir-16	2	1.50	6.6600e-02
hsa-mir-19	3	2.49	6.2000e-03
hsa-mir-18	2	1.00	1.2750e-01
hsa-mir-3160	2	0.00	1.4060e-01
hsa-mir-99	2	2.00	3.1800e-02
hsa-mir-153	3	1.89	7.4000e-03
hsa-mir-92	3	1.89	7.2000e-03
hsa-mir-323	2	4.50	8.3200e-02
hsa-mir-526	3	0.94	6.2700e-02
hsa-mir-520	8	0.33	0.0000e+00
hsa-mir-521	3	0.47	6.2300e-02
hsa-mir-523	2	1.00	1.2710e-01
hsa-mir-329	3	2.83	2.4100e-02
hsa-mir-548	40	0.73	0.0000e+00
hsa-mir-3179	3	0.94	6.2800e-02
hsa-mir-26	3	0.47	6.3600e-02
hsa-mir-27	2	2.50	3.7900e-02
hsa-mir-20	2	3.00	6.9700e-02
hsa-mir-1302	10	0.64	0.0000e+00
hsa-mir-23	3	4.64	9.1000e-03
hsa-mir-29	4	0.87	1.5900e-02
hsa-mir-146	2	0.50	1.5950e-01
hsa-mir-518	8	1.11	1.1000e-03
hsa-mir-3074	2	2.50	3.8700e-02
hsa-mir-511	3	2.36	1.0200e-02
hsa-mir-513	5	0.49	3.7000e-03
hsa-mir-512	3	0.47	6.7300e-02
hsa-mir-515	2	0.00	1.2710e-01
hsa-mir-514	4	1.09	1.2400e-02
hsa-mir-517	4	0.87	1.5600e-02
hsa-mir-516	4	0.00	2.7000e-03
hsa-mir-450	3	2.62	2.5600e-02
hsa-mir-454	2	0.50	1.5700e-01
hsa-mir-449	3	0.47	6.8300e-02
hsa-mir-891	2	0.00	1.3250e-01
hsa-mir-892	3	0.00	2.1100e-02
hsa-mir-148	2	1.50	6.5200e-02
hsa-mir-1270	2	0.50	1.5920e-01
hsa-mir-1273	4	1.73	1.0000e-03
hsa-mir-1274	2	0.00	1.3720e-01
hsa-mir-3180	5	0.00	1.0000e-03
hsa-mir-664	2	0.50	1.6750e-01
hsa-mir-663	2	1.00	1.2120e-01
hsa-mir-509	4	1.22	1.0100e-02
hsa-mir-500	2	4.00	8.5400e-02
hsa-mir-133	3	2.83	2.6600e-02
hsa-mir-130	2	2.00	3.1000e-02
hsa-mir-135	3	1.25	4.1000e-02
hsa-mir-138	2	1.00	1.3310e-01
hsa-mir-1260	2	3.50	8.6100e-02
hsa-mir-941	4	0.00	3.8000e-03
